0 0.140625 0.14453125 0.2390625 0.2171875
0 0.38046875 0.1421875 0.2359375 0.21171875
0 0.62109375 0.140625 0.23671875 0.2140625
0 0.8609375 0.14296875 0.2359375 0.2171875
0 0.13984375 0.38359375 0.23984375 0.2109375
0 0.38125 0.384375 0.2375 0.21640625
0 0.6203125 0.38359375 0.2359375 0.21328125
0 0.86015625 0.38046875 0.23828125 0.21015625
0 0.13984375 0.61875 0.23984375 0.209375
0 0.38203125 0.62109375 0.2390625 0.21328125
0 0.62109375 0.621875 0.2359375 0.2140625
0 0.8609375 0.62109375 0.2375 0.2125
0 0.859375 0.85625 0.2359375 0.20859375
0 0.61796875 0.85390625 0.23515625 0.20703125
0 0.3796875 0.85390625 0.23515625 0.21484375
0 0.1390625 0.8546875 0.23671875 0.21171875
1 0.13984375 0.1578125 0.21171875 0.090625
1 0.38203125 0.13359375 0.175 0.0734375
1 0.62109375 0.14765625 0.19765625 0.09453125
1 0.859375 0.14140625 0.21328125 0.09453125
1 0.140625 0.3828125 0.21015625 0.0921875
1 0.3640625 0.37421875 0.1796875 0.0890625
1 0.61875 0.3875 0.209375 0.09296875
1 0.8609375 0.390625 0.20234375 0.0953125
1 0.13984375 0.6109375 0.2078125 0.09921875
1 0.38125 0.6171875 0.196875 0.10546875
1 0.61953125 0.62109375 0.2046875 0.10078125
1 0.88046875 0.621875 0.1671875 0.0890625
1 0.1421875 0.8546875 0.19609375 0.0890625
1 0.37890625 0.865625 0.209375 0.09453125
1 0.61875 0.865625 0.20390625 0.0921875
1 0.83671875 0.8484375 0.17265625 0.084375